98765248952467638997512124901174338251073847041793050333062833799892243830500333038157364771672927908248812088419690731201572375358838910232068501062938719925314252692474455971558002362502670578408619496435567160840908080300489428  --   
   --   7237005577332262213973186563042994240829374041602535252466099000494570602494 000     
      000     57896044618658097711785492504343953926634992332820282019728792003956564819949
17996152791856165502923578661302383613749152857298571184128575512788898133585   3618502788666131106986593281521497120414687020801267626233049500247285301247   0
--0000-
92502147144186695985482075032089614903908061478421696362765315355587192512932058437999460572875004908933030681844875816527236886114225419527609897980899467635844044500205917354277434522187350542230903261975946766631445039287172120  --   
   --   7237005577332262213973186563042994240829374041602535252466099000494570602494 000     
      000     57896044618658097711785492504343953926634992332820282019728792003956564819949
45443702934603736107549469406476098189051510289851251971440840451751722708465   3618502788666131106986593281521497120414687020801267626233049500247285301247   0
--0000-
98765248952467638997512124901174338251073847041793050333062833799892243830500333038157364771672927908248812088419690731201572375358838910232068501062938719925314252692474455971558002362502670578408619496435567160840908080300489428  --   
   --   7237005577332262213973186563042994240829374041602535252466099000494570602494 000     
      000     57896044618658097711785492504343953926634992332820282019728792003956564819949
17996152791856165502923578661302383613749152857298571184128575512788898133585   3618502788666131106986593281521497120414687020801267626233049500247285301247   0
--0000-
92502147144186695985482075032089614903908061478421696362765315355587192512932058437999460572875004908933030681844875816527236886114225419527609897980899467635844044500205917354277434522187350542230903261975946766631445039287172120  --   
   --   7237005577332262213973186563042994240829374041602535252466099000494570602494 000     
      000     57896044618658097711785492504343953926634992332820282019728792003956564819949
45443702934603736107549469406476098189051510289851251971440840451751722708465   3618502788666131106986593281521497120414687020801267626233049500247285301247   0
--0000-
98765248952467638997512124901174338251073847041793050333062833799892243830500333038157364771672927908248812088419690731201572375358838910232068501062938719925314252692474455971558002362502670578408619496435567160840908080300489428  --   
   --   7237005577332262213973186563042994240829374041602535252466099000494570602494 000     
      000     57896044618658097711785492504343953926634992332820282019728792003956564819949
17996152791856165502923578661302383613749152857298571184128575512788898133585   3618502788666131106986593281521497120414687020801267626233049500247285301247   0
--0000-
92502147144186695985482075032089614903908061478421696362765315355587192512932058437999460572875004908933030681844875816527236886114225419527609897980899467635844044500205917354277434522187350542230903261975946766631445039287172120  --   
   --   7237005577332262213973186563042994240829374041602535252466099000494570602494 000     
      000     57896044618658097711785492504343953926634992332820282019728792003956564819949
45443702934603736107549469406476098189051510289851251971440840451751722708465   3618502788666131106986593281521497120414687020801267626233049500247285301247   0
--0000-
98765248952467638997512124901174338251073847041793050333062833799892243830500333038157364771672927908248812088419690731201572375358838910232068501062938719925314252692474455971558002362502670578408619496435567160840908080300489428  --   
   --   7237005577332262213973186563042994240829374041602535252466099000494570602494 000     
      000     57896044618658097711785492504343953926634992332820282019728792003956564819949
17996152791856165502923578661302383613749152857298571184128575512788898133585   3618502788666131106986593281521497120414687020801267626233049500247285301247   0
--0000-
92502147144186695985482075032089614903908061478421696362765315355587192512932058437999460572875004908933030681844875816527236886114225419527609897980899467635844044500205917354277434522187350542230903261975946766631445039287172120  --   
   --   7237005577332262213973186563042994240829374041602535252466099000494570602494 000     
      000     57896044618658097711785492504343953926634992332820282019728792003956564819949
45443702934603736107549469406476098189051510289851251971440840451751722708465   3618502788666131106986593281521497120414687020801267626233049500247285301247   0
--0000-
98765248952467638997512124901174338251073847041793050333062833799892243830500333038157364771672927908248812088419690731201572375358838910232068501062938719925314252692474455971558002362502670578408619496435567160840908080300489428  --   
   --   7237005577332262213973186563042994240829374041602535252466099000494570602494 000     
      000     57896044618658097711785492504343953926634992332820282019728792003956564819949
17996152791856165502923578661302383613749152857298571184128575512788898133585   3618502788666131106986593281521497120414687020801267626233049500247285301247   0
--0000-
92502147144186695985482075032089614903908061478421696362765315355587192512932058437999460572875004908933030681844875816527236886114225419527609897980899467635844044500205917354277434522187350542230903261975946766631445039287172120  --   
   --   7237005577332262213973186563042994240829374041602535252466099000494570602494 000     
      000     57896044618658097711785492504343953926634992332820282019728792003956564819949
45443702934603736107549469406476098189051510289851251971440840451751722708465   3618502788666131106986593281521497120414687020801267626233049500247285301247   0
--0000-
98765248952467638997512124901174338251073847041793050333062833799892243830500333038157364771672927908248812088419690731201572375358838910232068501062938719925314252692474455971558002362502670578408619496435567160840908080300489428  --   
   --   7237005577332262213973186563042994240829374041602535252466099000494570602494 000     
      000     57896044618658097711785492504343953926634992332820282019728792003956564819949
17996152791856165502923578661302383613749152857298571184128575512788898133585   3618502788666131106986593281521497120414687020801267626233049500247285301247   0
--0000-
92502147144186695985482075032089614903908061478421696362765315355587192512932058437999460572875004908933030681844875816527236886114225419527609897980899467635844044500205917354277434522187350542230903261975946766631445039287172120  --   
   --   7237005577332262213973186563042994240829374041602535252466099000494570602494 000     
      000     57896044618658097711785492504343953926634992332820282019728792003956564819949
45443702934603736107549469406476098189051510289851251971440840451751722708465   3618502788666131106986593281521497120414687020801267626233049500247285301247   0
--0000-
98765248952467638997512124901174338251073847041793050333062833799892243830500333038157364771672927908248812088419690731201572375358838910232068501062938719925314252692474455971558002362502670578408619496435567160840908080300489428  --   
   --   7237005577332262213973186563042994240829374041602535252466099000494570602494 000     
      000     57896044618658097711785492504343953926634992332820282019728792003956564819949
17996152791856165502923578661302383613749152857298571184128575512788898133585   3618502788666131106986593281521497120414687020801267626233049500247285301247   0
--0000-
92502147144186695985482075032089614903908061478421696362765315355587192512932058437999460572875004908933030681844875816527236886114225419527609897980899467635844044500205917354277434522187350542230903261975946766631445039287172120  --   
   --   7237005577332262213973186563042994240829374041602535252466099000494570602494 000     
      000     57896044618658097711785492504343953926634992332820282019728792003956564819949
45443702934603736107549469406476098189051510289851251971440840451751722708465   3618502788666131106986593281521497120414687020801267626233049500247285301247   0
--0000-
98765248952467638997512124901174338251073847041793050333062833799892243830500333038157364771672927908248812088419690731201572375358838910232068501062938719925314252692474455971558002362502670578408619496435567160840908080300489428  --   
   --   7237005577332262213973186563042994240829374041602535252466099000494570602494 000     
      000     57896044618658097711785492504343953926634992332820282019728792003956564819949
17996152791856165502923578661302383613749152857298571184128575512788898133585   3618502788666131106986593281521497120414687020801267626233049500247285301247   0
--0000-
92502147144186695985482075032089614903908061478421696362765315355587192512932058437999460572875004908933030681844875816527236886114225419527609897980899467635844044500205917354277434522187350542230903261975946766631445039287172120  --   
   --   7237005577332262213973186563042994240829374041602535252466099000494570602494 000     
      000     57896044618658097711785492504343953926634992332820282019728792003956564819949
45443702934603736107549469406476098189051510289851251971440840451751722708465   3618502788666131106986593281521497120414687020801267626233049500247285301247   0
--0000-
98765248952467638997512124901174338251073847041793050333062833799892243830500333038157364771672927908248812088419690731201572375358838910232068501062938719925314252692474455971558002362502670578408619496435567160840908080300489428  --   
   --   7237005577332262213973186563042994240829374041602535252466099000494570602494 000     
      000     57896044618658097711785492504343953926634992332820282019728792003956564819949
17996152791856165502923578661302383613749152857298571184128575512788898133585   3618502788666131106986593281521497120414687020801267626233049500247285301247   0
--0000-
92502147144186695985482075032089614903908061478421696362765315355587192512932058437999460572875004908933030681844875816527236886114225419527609897980899467635844044500205917354277434522187350542230903261975946766631445039287172120  --   
   --   7237005577332262213973186563042994240829374041602535252466099000494570602494 000     
      000     57896044618658097711785492504343953926634992332820282019728792003956564819949
45443702934603736107549469406476098189051510289851251971440840451751722708465   3618502788666131106986593281521497120414687020801267626233049500247285301247   0
--0000-
98765248952467638997512124901174338251073847041793050333062833799892243830500333038157364771672927908248812088419690731201572375358838910232068501062938719925314252692474455971558002362502670578408619496435567160840908080300489428  --   
   --   7237005577332262213973186563042994240829374041602535252466099000494570602494 000     
      000     57896044618658097711785492504343953926634992332820282019728792003956564819949
17996152791856165502923578661302383613749152857298571184128575512788898133585   3618502788666131106986593281521497120414687020801267626233049500247285301247   0
--0000-
92502147144186695985482075032089614903908061478421696362765315355587192512932058437999460572875004908933030681844875816527236886114225419527609897980899467635844044500205917354277434522187350542230903261975946766631445039287172120  --   
   --   7237005577332262213973186563042994240829374041602535252466099000494570602494 000     
      000     57896044618658097711785492504343953926634992332820282019728792003956564819949
45443702934603736107549469406476098189051510289851251971440840451751722708465   3618502788666131106986593281521497120414687020801267626233049500247285301247   0
--0000-
98765248952467638997512124901174338251073847041793050333062833799892243830500333038157364771672927908248812088419690731201572375358838910232068501062938719925314252692474455971558002362502670578408619496435567160840908080300489428  --   
   --   7237005577332262213973186563042994240829374041602535252466099000494570602494 000     
      000     57896044618658097711785492504343953926634992332820282019728792003956564819949
17996152791856165502923578661302383613749152857298571184128575512788898133585   3618502788666131106986593281521497120414687020801267626233049500247285301247   0
--0000-
92502147144186695985482075032089614903908061478421696362765315355587192512932058437999460572875004908933030681844875816527236886114225419527609897980899467635844044500205917354277434522187350542230903261975946766631445039287172120  --   
   --   7237005577332262213973186563042994240829374041602535252466099000494570602494 000     
      000     57896044618658097711785492504343953926634992332820282019728792003956564819949
45443702934603736107549469406476098189051510289851251971440840451751722708465   3618502788666131106986593281521497120414687020801267626233049500247285301247   0
--0000-
98765248952467638997512124901174338251073847041793050333062833799892243830500333038157364771672927908248812088419690731201572375358838910232068501062938719925314252692474455971558002362502670578408619496435567160840908080300489428  --   
   --   7237005577332262213973186563042994240829374041602535252466099000494570602494 000     
      000     57896044618658097711785492504343953926634992332820282019728792003956564819949
17996152791856165502923578661302383613749152857298571184128575512788898133585   3618502788666131106986593281521497120414687020801267626233049500247285301247   0
--0000-
92502147144186695985482075032089614903908061478421696362765315355587192512932058437999460572875004908933030681844875816527236886114225419527609897980899467635844044500205917354277434522187350542230903261975946766631445039287172120  --   
   --   7237005577332262213973186563042994240829374041602535252466099000494570602494 000     
      000     57896044618658097711785492504343953926634992332820282019728792003956564819949
45443702934603736107549469406476098189051510289851251971440840451751722708465   3618502788666131106986593281521497120414687020801267626233049500247285301247   0
--0000-
98765248952467638997512124901174338251073847041793050333062833799892243830500333038157364771672927908248812088419690731201572375358838910232068501062938719925314252692474455971558002362502670578408619496435567160840908080300489428  --   
   --   7237005577332262213973186563042994240829374041602535252466099000494570602494 000     
      000     57896044618658097711785492504343953926634992332820282019728792003956564819949
17996152791856165502923578661302383613749152857298571184128575512788898133585   3618502788666131106986593281521497120414687020801267626233049500247285301247   0
--0000-
92502147144186695985482075032089614903908061478421696362765315355587192512932058437999460572875004908933030681844875816527236886114225419527609897980899467635844044500205917354277434522187350542230903261975946766631445039287172120  --   
   --   7237005577332262213973186563042994240829374041602535252466099000494570602494 000     
      000     57896044618658097711785492504343953926634992332820282019728792003956564819949
45443702934603736107549469406476098189051510289851251971440840451751722708465   3618502788666131106986593281521497120414687020801267626233049500247285301247   0
--0000-
98765248952467638997512124901174338251073847041793050333062833799892243830500333038157364771672927908248812088419690731201572375358838910232068501062938719925314252692474455971558002362502670578408619496435567160840908080300489428  --   
   --   7237005577332262213973186563042994240829374041602535252466099000494570602494 000     
      000     57896044618658097711785492504343953926634992332820282019728792003956564819949
17996152791856165502923578661302383613749152857298571184128575512788898133585   3618502788666131106986593281521497120414687020801267626233049500247285301247   0
--0000-
92502147144186695985482075032089614903908061478421696362765315355587192512932058437999460572875004908933030681844875816527236886114225419527609897980899467635844044500205917354277434522187350542230903261975946766631445039287172120  --   
   --   7237005577332262213973186563042994240829374041602535252466099000494570602494 000     
      000     57896044618658097711785492504343953926634992332820282019728792003956564819949
45443702934603736107549469406476098189051510289851251971440840451751722708465   3618502788666131106986593281521497120414687020801267626233049500247285301247   0
--0000-
98765248952467638997512124901174338251073847041793050333062833799892243830500333038157364771672927908248812088419690731201572375358838910232068501062938719925314252692474455971558002362502670578408619496435567160840908080300489428  --   
   --   7237005577332262213973186563042994240829374041602535252466099000494570602494 000     
      000     57896044618658097711785492504343953926634992332820282019728792003956564819949
17996152791856165502923578661302383613749152857298571184128575512788898133585   3618502788666131106986593281521497120414687020801267626233049500247285301247   0
--0000-
92502147144186695985482075032089614903908061478421696362765315355587192512932058437999460572875004908933030681844875816527236886114225419527609897980899467635844044500205917354277434522187350542230903261975946766631445039287172120  --   
   --   7237005577332262213973186563042994240829374041602535252466099000494570602494 000     
      000     57896044618658097711785492504343953926634992332820282019728792003956564819949
45443702934603736107549469406476098189051510289851251971440840451751722708465   3618502788666131106986593281521497120414687020801267626233049500247285301247   0
--0000-
98765248952467638997512124901174338251073847041793050333062833799892243830500333038157364771672927908248812088419690731201572375358838910232068501062938719925314252692474455971558002362502670578408619496435567160840908080300489428  --   
   --   7237005577332262213973186563042994240829374041602535252466099000494570602494 000     
      000     57896044618658097711785492504343953926634992332820282019728792003956564819949
17996152791856165502923578661302383613749152857298571184128575512788898133585   3618502788666131106986593281521497120414687020801267626233049500247285301247   0
--0000-
92502147144186695985482075032089614903908061478421696362765315355587192512932058437999460572875004908933030681844875816527236886114225419527609897980899467635844044500205917354277434522187350542230903261975946766631445039287172120  --   
   --   7237005577332262213973186563042994240829374041602535252466099000494570602494 000     
      000     57896044618658097711785492504343953926634992332820282019728792003956564819949
45443702934603736107549469406476098189051510289851251971440840451751722708465   3618502788666131106986593281521497120414687020801267626233049500247285301247   0
--0000-
98765248952467638997512124901174338251073847041793050333062833799892243830500333038157364771672927908248812088419690731201572375358838910232068501062938719925314252692474455971558002362502670578408619496435567160840908080300489428  --   
   --   7237005577332262213973186563042994240829374041602535252466099000494570602494 000     
      000     57896044618658097711785492504343953926634992332820282019728792003956564819949
17996152791856165502923578661302383613749152857298571184128575512788898133585   3618502788666131106986593281521497120414687020801267626233049500247285301247   0
--0000-
92502147144186695985482075032089614903908061478421696362765315355587192512932058437999460572875004908933030681844875816527236886114225419527609897980899467635844044500205917354277434522187350542230903261975946766631445039287172120  --   
   --   7237005577332262213973186563042994240829374041602535252466099000494570602494 000     
      000     57896044618658097711785492504343953926634992332820282019728792003956564819949
45443702934603736107549469406476098189051510289851251971440840451751722708465   3618502788666131106986593281521497120414687020801267626233049500247285301247   0
--0000-
98765248952467638997512124901174338251073847041793050333062833799892243830500333038157364771672927908248812088419690731201572375358838910232068501062938719925314252692474455971558002362502670578408619496435567160840908080300489428  --   
   --   7237005577332262213973186563042994240829374041602535252466099000494570602494 000     
      000     57896044618658097711785492504343953926634992332820282019728792003956564819949
17996152791856165502923578661302383613749152857298571184128575512788898133585   3618502788666131106986593281521497120414687020801267626233049500247285301247   0
--0000-
92502147144186695985482075032089614903908061478421696362765315355587192512932058437999460572875004908933030681844875816527236886114225419527609897980899467635844044500205917354277434522187350542230903261975946766631445039287172120  --   
   --   7237005577332262213973186563042994240829374041602535252466099000494570602494 000     
      000     57896044618658097711785492504343953926634992332820282019728792003956564819949
45443702934603736107549469406476098189051510289851251971440840451751722708465   3618502788666131106986593281521497120414687020801267626233049500247285301247   0
--0000-
98765248952467638997512124901174338251073847041793050333062833799892243830500333038157364771672927908248812088419690731201572375358838910232068501062938719925314252692474455971558002362502670578408619496435567160840908080300489428  --   
   --   7237005577332262213973186563042994240829374041602535252466099000494570602494 000     
      000     57896044618658097711785492504343953926634992332820282019728792003956564819949
17996152791856165502923578661302383613749152857298571184128575512788898133585   3618502788666131106986593281521497120414687020801267626233049500247285301247   0
--0000-
92502147144186695985482075032089614903908061478421696362765315355587192512932058437999460572875004908933030681844875816527236886114225419527609897980899467635844044500205917354277434522187350542230903261975946766631445039287172120  --   
   --   7237005577332262213973186563042994240829374041602535252466099000494570602494 000     
      000     57896044618658097711785492504343953926634992332820282019728792003956564819949
45443702934603736107549469406476098189051510289851251971440840451751722708465   3618502788666131106986593281521497120414687020801267626233049500247285301247   0
--0000-
98765248952467638997512124901174338251073847041793050333062833799892243830500333038157364771672927908248812088419690731201572375358838910232068501062938719925314252692474455971558002362502670578408619496435567160840908080300489428  --   
   --   7237005577332262213973186563042994240829374041602535252466099000494570602494 000     
      000     57896044618658097711785492504343953926634992332820282019728792003956564819949
17996152791856165502923578661302383613749152857298571184128575512788898133585   3618502788666131106986593281521497120414687020801267626233049500247285301247   0
--0000-
92502147144186695985482075032089614903908061478421696362765315355587192512932058437999460572875004908933030681844875816527236886114225419527609897980899467635844044500205917354277434522187350542230903261975946766631445039287172120  --   
   --   7237005577332262213973186563042994240829374041602535252466099000494570602494 000     
      000     57896044618658097711785492504343953926634992332820282019728792003956564819949
45443702934603736107549469406476098189051510289851251971440840451751722708465   3618502788666131106986593281521497120414687020801267626233049500247285301247   0
--0000-
98765248952467638997512124901174338251073847041793050333062833799892243830500333038157364771672927908248812088419690731201572375358838910232068501062938719925314252692474455971558002362502670578408619496435567160840908080300489428  --   
   --   7237005577332262213973186563042994240829374041602535252466099000494570602494 000     
      000     57896044618658097711785492504343953926634992332820282019728792003956564819949
17996152791856165502923578661302383613749152857298571184128575512788898133585   3618502788666131106986593281521497120414687020801267626233049500247285301247   0
--0000-
92502147144186695985482075032089614903908061478421696362765315355587192512932058437999460572875004908933030681844875816527236886114225419527609897980899467635844044500205917354277434522187350542230903261975946766631445039287172120  --   
   --   7237005577332262213973186563042994240829374041602535252466099000494570602494 000     
      000     57896044618658097711785492504343953926634992332820282019728792003956564819949
45443702934603736107549469406476098189051510289851251971440840451751722708465   3618502788666131106986593281521497120414687020801267626233049500247285301247   0
--0000-
98765248952467638997512124901174338251073847041793050333062833799892243830500333038157364771672927908248812088419690731201572375358838910232068501062938719925314252692474455971558002362502670578408619496435567160840908080300489428  --   
   --   7237005577332262213973186563042994240829374041602535252466099000494570602494 000     
      000     57896044618658097711785492504343953926634992332820282019728792003956564819949
17996152791856165502923578661302383613749152857298571184128575512788898133585   3618502788666131106986593281521497120414687020801267626233049500247285301247   0
--0000-
92502147144186695985482075032089614903908061478421696362765315355587192512932058437999460572875004908933030681844875816527236886114225419527609897980899467635844044500205917354277434522187350542230903261975946766631445039287172120  --   
   --   7237005577332262213973186563042994240829374041602535252466099000494570602494 000     
      000     57896044618658097711785492504343953926634992332820282019728792003956564819949
45443702934603736107549469406476098189051510289851251971440840451751722708465   3618502788666131106986593281521497120414687020801267626233049500247285301247   0
--0000-
98765248952467638997512124901174338251073847041793050333062833799892243830500333038157364771672927908248812088419690731201572375358838910232068501062938719925314252692474455971558002362502670578408619496435567160840908080300489428  --   
   --   7237005577332262213973186563042994240829374041602535252466099000494570602494 000     
      000     57896044618658097711785492504343953926634992332820282019728792003956564819949
17996152791856165502923578661302383613749152857298571184128575512788898133585   3618502788666131106986593281521497120414687020801267626233049500247285301247   0
--0000-
92502147144186695985482075032089614903908061478421696362765315355587192512932058437999460572875004908933030681844875816527236886114225419527609897980899467635844044500205917354277434522187350542230903261975946766631445039287172120  --   
   --   7237005577332262213973186563042994240829374041602535252466099000494570602494 000     
      000     57896044618658097711785492504343953926634992332820282019728792003956564819949
45443702934603736107549469406476098189051510289851251971440840451751722708465   3618502788666131106986593281521497120414687020801267626233049500247285301247   0
--0000-
98765248952467638997512124901174338251073847041793050333062833799892243830500333038157364771672927908248812088419690731201572375358838910232068501062938719925314252692474455971558002362502670578408619496435567160840908080300489428  --   
   --   7237005577332262213973186563042994240829374041602535252466099000494570602494 000     
      000     57896044618658097711785492504343953926634992332820282019728792003956564819949
17996152791856165502923578661302383613749152857298571184128575512788898133585   3618502788666131106986593281521497120414687020801267626233049500247285301247   0
--0000-
92502147144186695985482075032089614903908061478421696362765315355587192512932058437999460572875004908933030681844875816527236886114225419527609897980899467635844044500205917354277434522187350542230903261975946766631445039287172120  --   
   --   7237005577332262213973186563042994240829374041602535252466099000494570602494 000     
      000     57896044618658097711785492504343953926634992332820282019728792003956564819949
45443702934603736107549469406476098189051510289851251971440840451751722708465   3618502788666131106986593281521497120414687020801267626233049500247285301247   0
--0000-
98765248952467638997512124901174338251073847041793050333062833799892243830500333038157364771672927908248812088419690731201572375358838910232068501062938719925314252692474455971558002362502670578408619496435567160840908080300489428  --   
   --   7237005577332262213973186563042994240829374041602535252466099000494570602494 000     
      000     57896044618658097711785492504343953926634992332820282019728792003956564819949
17996152791856165502923578661302383613749152857298571184128575512788898133585   3618502788666131106986593281521497120414687020801267626233049500247285301247   0
--0000-
92502147144186695985482075032089614903908061478421696362765315355587192512932058437999460572875004908933030681844875816527236886114225419527609897980899467635844044500205917354277434522187350542230903261975946766631445039287172120  --   
   --   7237005577332262213973186563042994240829374041602535252466099000494570602494 000     
      000     57896044618658097711785492504343953926634992332820282019728792003956564819949
45443702934603736107549469406476098189051510289851251971440840451751722708465   3618502788666131106986593281521497120414687020801267626233049500247285301247   0
--0000-
98765248952467638997512124901174338251073847041793050333062833799892243830500333038157364771672927908248812088419690731201572375358838910232068501062938719925314252692474455971558002362502670578408619496435567160840908080300489428  --   
   --   7237005577332262213973186563042994240829374041602535252466099000494570602494 000     
      000     57896044618658097711785492504343953926634992332820282019728792003956564819949
17996152791856165502923578661302383613749152857298571184128575512788898133585   3618502788666131106986593281521497120414687020801267626233049500247285301247   0
--0000-
92502147144186695985482075032089614903908061478421696362765315355587192512932058437999460572875004908933030681844875816527236886114225419527609897980899467635844044500205917354277434522187350542230903261975946766631445039287172120  --   
   --   7237005577332262213973186563042994240829374041602535252466099000494570602494 000     
      000     57896044618658097711785492504343953926634992332820282019728792003956564819949
45443702934603736107549469406476098189051510289851251971440840451751722708465   3618502788666131106986593281521497120414687020801267626233049500247285301247   0
--0000-
